                      coef  exp(coef)  se(coef)  coef lower 95%  coef upper 95%  exp(coef) lower 95%  exp(coef) upper 95%  cmp to         z         p  -log2(p)
covariate                                                                                                                                                      
feature_0    -8.250497e-08   1.000000  0.000306       -0.000600        0.000600             0.999400             1.000600     0.0 -0.000270  0.999785  0.000310
feature_15   -3.402567e-08   1.000000  0.000145       -0.000284        0.000284             0.999716             1.000284     0.0 -0.000235  0.999813  0.000270
feature_30    1.504641e-07   1.000000  0.000507       -0.000994        0.000995             0.999006             1.000995     0.0  0.000297  0.999763  0.000341
feature_38   -1.175865e-01   0.889064  1.507392       -3.072021        2.836848             0.046327            17.061899     0.0 -0.078007  0.937823  0.092613
feature_41    1.958904e-07   1.000000  0.000653       -0.001279        0.001279             0.998722             1.001280     0.0  0.000300  0.999760  0.000346
feature_47   -4.239805e-08   1.000000  0.000272       -0.000534        0.000534             0.999466             1.000534     0.0 -0.000156  0.999876  0.000179
feature_50    4.313884e-07   1.000000  0.001455       -0.002851        0.002852             0.997153             1.002856     0.0  0.000297  0.999763  0.000341
feature_60    6.508400e-09   1.000000  0.000213       -0.000418        0.000418             0.999582             1.000418     0.0  0.000030  0.999976  0.000035
feature_72    2.738732e-09   1.000000  0.000145       -0.000284        0.000284             0.999716             1.000284     0.0  0.000019  0.999985  0.000022
feature_75   -7.758565e-08   1.000000  0.000294       -0.000576        0.000576             0.999424             1.000576     0.0 -0.000264  0.999789  0.000304
feature_90    3.038579e-08   1.000000  0.000171       -0.000334        0.000335             0.999666             1.000335     0.0  0.000178  0.999858  0.000205
feature_94   -1.964631e-08   1.000000  0.000199       -0.000390        0.000390             0.999611             1.000390     0.0 -0.000099  0.999921  0.000114
feature_99    1.270957e-07   1.000000  0.000682       -0.001337        0.001337             0.998664             1.001338     0.0  0.000186  0.999851  0.000214
feature_100  -2.989824e-07   1.000000  0.001146       -0.002247        0.002246             0.997756             1.002249     0.0 -0.000261  0.999792  0.000300
feature_108  -3.683949e-08   1.000000  0.000140       -0.000274        0.000274             0.999726             1.000274     0.0 -0.000263  0.999790  0.000303
feature_121  -1.432936e-01   0.866500  0.846369       -1.802147        1.515560             0.164944             4.551967     0.0 -0.169304  0.865558  0.208298
feature_124  -4.008936e-08   1.000000  0.000248       -0.000485        0.000485             0.999515             1.000485     0.0 -0.000162  0.999871  0.000186
feature_136   2.664751e-01   1.305355  1.974264       -3.603012        4.135962             0.027242            62.549742     0.0  0.134974  0.892632  0.163862
feature_137  -1.055588e-07   1.000000  0.000427       -0.000837        0.000837             0.999163             1.000837     0.0 -0.000247  0.999803  0.000285
feature_153   2.966556e-08   1.000000  0.000167       -0.000328        0.000328             0.999672             1.000328     0.0  0.000177  0.999858  0.000204
feature_165   1.836284e-01   1.201569  0.408472       -0.616962        0.984219             0.539581             2.675722     0.0  0.449549  0.653035  0.614767
feature_170  -4.539814e-02   0.955617  0.313033       -0.658931        0.568134             0.517404             1.764971     0.0 -0.145027  0.884690  0.176757
feature_175  -4.569808e-09   1.000000  0.000192       -0.000376        0.000376             0.999624             1.000376     0.0 -0.000024  0.999981  0.000027
feature_195  -2.984322e-08   1.000000  0.000183       -0.000358        0.000358             0.999642             1.000358     0.0 -0.000163  0.999870  0.000188
feature_206  -1.140687e-09   1.000000  0.000134       -0.000262        0.000262             0.999738             1.000262     0.0 -0.000009  0.999993  0.000010
feature_219  -7.738464e-08   1.000000  0.000338       -0.000662        0.000662             0.999338             1.000662     0.0 -0.000229  0.999817  0.000264
feature_232   4.033273e-08   1.000000  0.000180       -0.000353        0.000353             0.999647             1.000354     0.0  0.000224  0.999822  0.000257
feature_269  -7.226035e-01   0.485487  0.493905       -1.690640        0.245433             0.184401             1.278175     0.0 -1.463041  0.143456  2.801318
feature_278   1.444377e-07   1.000000  0.000493       -0.000965        0.000966             0.999035             1.000966     0.0  0.000293  0.999766  0.000338
feature_283   1.364813e-07   1.000000  0.000477       -0.000935        0.000935             0.999065             1.000936     0.0  0.000286  0.999772  0.000329
feature_286   1.997897e-08   1.000000  0.000157       -0.000308        0.000308             0.999692             1.000308     0.0  0.000127  0.999899  0.000146
feature_330   1.098036e+00   2.998272  1.091722       -1.041699        3.237772             0.352855            25.476887     0.0  1.005784  0.314520  1.668778
feature_334   2.186014e-08   1.000000  0.000219       -0.000429        0.000429             0.999571             1.000429     0.0  0.000100  0.999920  0.000115
feature_342  -4.920469e-08   1.000000  0.000172       -0.000338        0.000337             0.999663             1.000337     0.0 -0.000286  0.999772  0.000329
feature_348   3.505193e-07   1.000000  0.001168       -0.002289        0.002290             0.997714             1.002292     0.0  0.000300  0.999761  0.000345
feature_366  -1.990853e-07   1.000000  0.000679       -0.001331        0.001330             0.998670             1.001331     0.0 -0.000293  0.999766  0.000338
feature_373  -6.326678e-08   1.000000  0.000216       -0.000423        0.000423             0.999577             1.000423     0.0 -0.000293  0.999766  0.000338
feature_374  -6.205714e-08   1.000000  0.000218       -0.000426        0.000426             0.999574             1.000426     0.0 -0.000285  0.999772  0.000328
feature_384   6.068048e-08   1.000000  0.000352       -0.000690        0.000690             0.999310             1.000690     0.0  0.000172  0.999862  0.000198
feature_390  -1.452066e-07   1.000000  0.000485       -0.000952        0.000951             0.999049             1.000952     0.0 -0.000299  0.999761  0.000344
feature_398  -3.713088e-01   0.689831  0.633732       -1.613401        0.870784             0.199209             2.388783     0.0 -0.585908  0.557937  0.841825
feature_410   9.534597e-07   1.000001  0.007555       -0.014806        0.014808             0.985303             1.014918     0.0  0.000126  0.999899  0.000145
feature_419  -6.493084e-08   1.000000  0.000272       -0.000533        0.000533             0.999467             1.000533     0.0 -0.000239  0.999810  0.000275
feature_443   2.149968e-07   1.000000  0.000786       -0.001540        0.001540             0.998461             1.001541     0.0  0.000274  0.999782  0.000315
feature_450   3.704002e-01   1.448314  0.813782       -1.224584        1.965385             0.293880             7.137657     0.0  0.455159  0.648995  0.623721
feature_460   1.117787e+00   3.058081  1.742229       -2.296920        4.532495             0.100568            92.990243     0.0  0.641585  0.521143  0.940249
feature_462   1.573835e-07   1.000000  0.000565       -0.001107        0.001107             0.998894             1.001108     0.0  0.000279  0.999778  0.000321
feature_465   1.925377e-08   1.000000  0.000226       -0.000443        0.000443             0.999557             1.000443     0.0  0.000085  0.999932  0.000098
feature_469   3.387682e-08   1.000000  0.000214       -0.000420        0.000420             0.999580             1.000420     0.0  0.000158  0.999874  0.000182
feature_473   1.542920e-08   1.000000  0.000158       -0.000309        0.000309             0.999691             1.000309     0.0  0.000098  0.999922  0.000113
feature_486  -2.696065e-02   0.973400  0.431666       -0.873010        0.819089             0.417692             2.268432     0.0 -0.062457  0.950199  0.073699
feature_505  -4.243321e-01   0.654207  0.625728       -1.650737        0.802072             0.191909             2.230158     0.0 -0.678141  0.497682  1.006704
feature_514   1.952589e-08   1.000000  0.000176       -0.000346        0.000346             0.999654             1.000346     0.0  0.000111  0.999912  0.000127
feature_524  -6.958792e-09   1.000000  0.000332       -0.000651        0.000651             0.999350             1.000651     0.0 -0.000021  0.999983  0.000024
feature_531  -6.151832e-01   0.540542  1.384018       -3.327808        2.097442             0.035872             8.145305     0.0 -0.444491  0.656688  0.606721
feature_542   1.620389e-06   1.000002  0.007000       -0.013718        0.013721             0.986376             1.013815     0.0  0.000231  0.999815  0.000266
feature_562   2.705951e-01   1.310744  1.711068       -3.083036        3.624226             0.045820            37.495696     0.0  0.158144  0.874343  0.193728
feature_575   4.395134e-01   1.551952  0.585022       -0.707108        1.586135             0.493068             4.884832     0.0  0.751277  0.452486  1.144055
feature_580  -3.808288e-08   1.000000  0.000210       -0.000412        0.000412             0.999588             1.000412     0.0 -0.000181  0.999855  0.000209
feature_595   6.051377e-08   1.000000  0.000203       -0.000398        0.000398             0.999602             1.000398     0.0  0.000298  0.999762  0.000343
feature_613  -9.085586e-01   0.403105  2.238347       -5.295639        3.478522             0.005013            32.411768     0.0 -0.405906  0.684812  0.546221
feature_615  -1.502639e-08   1.000000  0.000182       -0.000357        0.000357             0.999643             1.000357     0.0 -0.000083  0.999934  0.000095
feature_628  -2.864892e-01   0.750895  0.372334       -1.016251        0.443273             0.361949             1.557797     0.0 -0.769441  0.441632  1.179084
feature_632   6.164538e-02   1.063585  0.546339       -1.009159        1.132450             0.364525             3.103250     0.0  0.112834  0.910162  0.135804
feature_657  -6.030222e-08   1.000000  0.000240       -0.000471        0.000471             0.999529             1.000471     0.0 -0.000251  0.999800  0.000289
feature_675  -1.538292e-08   1.000000  0.000654       -0.001281        0.001281             0.998720             1.001282     0.0 -0.000024  0.999981  0.000027
feature_679  -4.927104e-08   1.000000  0.000172       -0.000337        0.000337             0.999663             1.000337     0.0 -0.000287  0.999771  0.000330
feature_713  -5.079676e-01   0.601717  0.784305       -2.045178        1.029242             0.129357             2.798944     0.0 -0.647666  0.517201  0.951203
feature_717  -3.804949e-08   1.000000  0.000316       -0.000620        0.000620             0.999380             1.000620     0.0 -0.000120  0.999904  0.000138
feature_719   3.592219e-08   1.000000  0.000226       -0.000444        0.000444             0.999556             1.000444     0.0  0.000159  0.999873  0.000183
feature_727  -1.092177e-01   0.896535  1.681749       -3.405384        3.186949             0.033194            24.214437     0.0 -0.064943  0.948219  0.076707
feature_747   7.809374e-07   1.000001  0.002973       -0.005827        0.005829             0.994190             1.005846     0.0  0.000263  0.999790  0.000302
feature_752   1.454796e-01   1.156594  0.352681       -0.545763        0.836722             0.579400             2.308787     0.0  0.412496  0.679976  0.556445
feature_755   6.218483e-08   1.000000  0.000250       -0.000490        0.000490             0.999510             1.000490     0.0  0.000249  0.999801  0.000286
feature_763   1.318047e-02   1.013268  0.232670       -0.442843        0.469204             0.642208             1.598722     0.0  0.056649  0.954825  0.066692
feature_764  -8.255413e-08   1.000000  0.000284       -0.000557        0.000557             0.999443             1.000557     0.0 -0.000290  0.999768  0.000334
feature_765  -1.314625e-07   1.000000  0.000531       -0.001040        0.001040             0.998960             1.001041     0.0 -0.000248  0.999802  0.000285
feature_812   7.877130e-08   1.000000  0.000266       -0.000522        0.000522             0.999478             1.000522     0.0  0.000296  0.999764  0.000341
feature_814  -2.300213e-08   1.000000  0.000280       -0.000549        0.000549             0.999451             1.000549     0.0 -0.000082  0.999934  0.000095
feature_819   6.449155e-01   1.905826  0.655938       -0.640699        1.930530             0.526924             6.893164     0.0  0.983196  0.325511  1.619222
feature_828  -2.872195e-07   1.000000  0.002409       -0.004721        0.004721             0.995290             1.004732     0.0 -0.000119  0.999905  0.000137
feature_841   2.763168e-08   1.000000  0.000195       -0.000383        0.000383             0.999617             1.000383     0.0  0.000142  0.999887  0.000163
feature_855  -1.331970e-06   0.999999  0.005406       -0.010598        0.010595             0.989458             1.010651     0.0 -0.000246  0.999803  0.000284
feature_868  -5.126014e-08   1.000000  0.000200       -0.000392        0.000392             0.999608             1.000392     0.0 -0.000257  0.999795  0.000295
feature_887  -2.565138e-02   0.974675  0.824656       -1.641947        1.590644             0.193603             4.906908     0.0 -0.031106  0.975185  0.036252
feature_900   5.746384e-01   1.776488  1.951894       -3.251004        4.400281             0.038735            81.473777     0.0  0.294400  0.768452  0.379973
feature_920  -4.938906e-08   1.000000  0.000229       -0.000448        0.000448             0.999552             1.000448     0.0 -0.000216  0.999828  0.000249
feature_951   7.669548e-03   1.007699  0.233577       -0.450132        0.465471             0.637544             1.592765     0.0  0.032835  0.973806  0.038294
feature_959  -3.639914e-02   0.964255  0.469894       -0.957374        0.884575             0.383900             2.421956     0.0 -0.077463  0.938256  0.091947
feature_971   1.572746e-08   1.000000  0.000115       -0.000226        0.000226             0.999774             1.000226     0.0  0.000136  0.999891  0.000157
feature_977   1.524658e-07   1.000000  0.000518       -0.001015        0.001016             0.998985             1.001016     0.0  0.000294  0.999765  0.000339
feature_986   2.090238e-08   1.000000  0.000140       -0.000275        0.000275             0.999726             1.000275     0.0  0.000149  0.999881  0.000172
feature_994   1.689698e-01   1.184084  0.537437       -0.884387        1.222327             0.412967             3.395078     0.0  0.314399  0.753218  0.408861
feature_1004  1.652150e+00   5.218186  1.751836       -1.781386        5.085685             0.168405           161.690694     0.0  0.943096  0.345632  1.532693
feature_1006  6.488569e-02   1.067037  0.555394       -1.023666        1.153437             0.359276             3.169067     0.0  0.116828  0.906996  0.140832
feature_1009  9.484815e-08   1.000000  0.000326       -0.000639        0.000640             0.999361             1.000640     0.0  0.000291  0.999768  0.000335
feature_1011 -1.120938e-07   1.000000  0.000380       -0.000745        0.000745             0.999255             1.000745     0.0 -0.000295  0.999765  0.000340
feature_1012 -4.039463e-01   0.667680  0.402687       -1.193197        0.385305             0.303250             1.470062     0.0 -1.003128  0.315799  1.662922
feature_1014 -1.429770e-07   1.000000  0.001453       -0.002848        0.002847             0.997156             1.002851     0.0 -0.000098  0.999921  0.000113
feature_1018  2.938996e+00  18.896868  2.546045       -2.051161        7.929153             0.128586          2777.073850     0.0  1.154338  0.248362  2.009485
Concordance Index: 0.8426470588235294
Concordance Index on Test: 0.7297297297297297
