                      coef     exp(coef)   se(coef)  coef lower 95%  coef upper 95%  exp(coef) lower 95%  exp(coef) upper 95%  cmp to         z         p  -log2(p)
covariate                                                                                                                                                          
feature_10   -1.756585e-06  9.999982e-01   0.006033       -0.011826        0.011822         9.882437e-01         1.011893e+00     0.0 -0.000291  0.999768  0.000335
feature_15    1.303367e-07  1.000000e+00   0.000487       -0.000955        0.000955         9.990453e-01         1.000956e+00     0.0  0.000267  0.999787  0.000308
feature_23   -6.053744e-01  5.458700e-01   4.732647       -9.881193        8.670444         5.112725e-05         5.828087e+03     0.0 -0.127915  0.898217  0.154865
feature_28   -2.049337e-01  8.147013e-01   0.775803       -1.725479        1.315611         1.780878e-01         3.727029e+00     0.0 -0.264157  0.791659  0.337049
feature_31    6.889875e-07  1.000001e+00   0.002655       -0.005203        0.005205         9.948103e-01         1.005218e+00     0.0  0.000259  0.999793  0.000299
feature_40   -7.265845e-02  9.299184e-01   0.579251       -1.207969        1.062652         2.988035e-01         2.894036e+00     0.0 -0.125435  0.900179  0.151716
feature_44   -1.163951e-07  9.999999e-01   0.000417       -0.000818        0.000817         9.991827e-01         1.000818e+00     0.0 -0.000279  0.999777  0.000321
feature_48   -1.613499e-01  8.509942e-01   3.176010       -6.386215        6.063515         1.684620e-03         4.298840e+02     0.0 -0.050803  0.959483  0.059671
feature_62   -1.503555e+00  2.223383e-01   2.787930       -6.967798        3.960687         9.417244e-04         5.249340e+01     0.0 -0.539309  0.589674  0.762011
feature_71    1.565793e-07  1.000000e+00   0.000550       -0.001077        0.001078         9.989233e-01         1.001078e+00     0.0  0.000285  0.999773  0.000328
feature_73    7.569995e-01  2.131870e+00   1.941510       -3.048290        4.562289         4.743999e-02         9.580249e+01     0.0  0.389903  0.696609  0.521580
feature_76   -2.819254e+00  5.965045e-02   4.491408      -11.622251        5.983744         8.964381e-06         3.969238e+02     0.0 -0.627699  0.530201  0.915389
feature_82    7.465697e-08  1.000000e+00   0.001013       -0.001986        0.001986         9.980158e-01         1.001988e+00     0.0  0.000074  0.999941  0.000085
feature_86    1.610421e-01  1.174734e+00   0.277223       -0.382305        0.704389         6.822871e-01         2.022610e+00     0.0  0.580912  0.561300  0.833157
feature_88   -7.249519e-01  4.843479e-01   1.245602       -3.166287        1.716383         4.215985e-02         5.564366e+00     0.0 -0.582009  0.560560  0.835058
feature_90   -9.740523e-07  9.999990e-01   0.003818       -0.007483        0.007481         9.925447e-01         1.007509e+00     0.0 -0.000255  0.999796  0.000294
feature_96    3.643910e-07  1.000000e+00   0.001452       -0.002845        0.002846         9.971586e-01         1.002850e+00     0.0  0.000251  0.999800  0.000289
feature_99    8.345035e-09  1.000000e+00   0.000223       -0.000436        0.000436         9.995638e-01         1.000436e+00     0.0  0.000037  0.999970  0.000043
feature_100  -4.816416e-01  6.177684e-01   1.037080       -2.514281        1.550997         8.092111e-02         4.716172e+00     0.0 -0.464421  0.642346  0.638577
feature_112   2.018200e+01  5.820137e+08  40.032007      -58.279287       98.643296         4.893586e-26         6.922122e+42     0.0  0.504147  0.614158  0.703318
feature_113  -6.759676e-02  9.346373e-01   0.448825       -0.947278        0.812084         3.877953e-01         2.252598e+00     0.0 -0.150608  0.880285  0.183958
feature_118   8.010060e-07  1.000001e+00   0.002808       -0.005503        0.005505         9.945117e-01         1.005520e+00     0.0  0.000285  0.999772  0.000328
feature_120  -8.766005e-09  1.000000e+00   0.000253       -0.000496        0.000496         9.995037e-01         1.000497e+00     0.0 -0.000035  0.999972  0.000040
feature_126   1.534124e-07  1.000000e+00   0.000642       -0.001258        0.001258         9.987427e-01         1.001259e+00     0.0  0.000239  0.999809  0.000275
feature_128   5.637144e-07  1.000001e+00   0.001877       -0.003678        0.003679         9.963285e-01         1.003686e+00     0.0  0.000300  0.999760  0.000346
feature_135  -7.528161e-07  9.999992e-01   0.002507       -0.004914        0.004912         9.950981e-01         1.004925e+00     0.0 -0.000300  0.999760  0.000346
feature_159   8.329045e-02  1.086857e+00   1.251362       -2.369333        2.535914         9.354306e-02         1.262797e+01     0.0  0.066560  0.946932  0.078667
feature_163   6.265590e-07  1.000001e+00   0.002896       -0.005675        0.005676         9.943409e-01         1.005693e+00     0.0  0.000216  0.999827  0.000249
feature_179   7.989539e-01  2.223214e+00   1.171268       -1.496690        3.094597         2.238700e-01         2.207835e+01     0.0  0.682127  0.495159  1.014038
feature_203   7.428362e-02  1.077112e+00   2.000559       -3.846740        3.995307         2.134923e-02         5.434252e+01     0.0  0.037131  0.970380  0.043378
feature_208   1.922359e-07  1.000000e+00   0.000643       -0.001260        0.001261         9.987404e-01         1.001262e+00     0.0  0.000299  0.999762  0.000344
feature_214   8.644931e-08  1.000000e+00   0.000700       -0.001372        0.001372         9.986294e-01         1.001373e+00     0.0  0.000124  0.999901  0.000142
feature_250   2.255967e-08  1.000000e+00   0.000309       -0.000606        0.000607         9.993937e-01         1.000607e+00     0.0  0.000073  0.999942  0.000084
feature_255   1.029548e-06  1.000001e+00   0.003476       -0.006812        0.006814         9.932113e-01         1.006837e+00     0.0  0.000296  0.999764  0.000341
feature_260  -1.418973e-07  9.999999e-01   0.000716       -0.001404        0.001403         9.985973e-01         1.001404e+00     0.0 -0.000198  0.999842  0.000228
feature_273   1.417512e+00  4.126839e+00   1.515092       -1.552014        4.387038         2.118208e-01         8.040192e+01     0.0  0.935594  0.349482  1.516710
feature_275   6.283787e-07  1.000001e+00   0.002566       -0.005029        0.005030         9.949838e-01         1.005043e+00     0.0  0.000245  0.999805  0.000282
feature_286  -3.897106e+00  2.030057e-02   7.684581      -18.958607       11.164395         5.839577e-09         7.057246e+04     0.0 -0.507133  0.612061  0.708252
feature_287   3.926552e-01  1.480908e+00   0.696621       -0.972697        1.758008         3.780620e-01         5.800868e+00     0.0  0.563657  0.572988  0.803424
feature_289  -6.135942e-07  9.999994e-01   0.004365       -0.008556        0.008555         9.914803e-01         1.008592e+00     0.0 -0.000141  0.999888  0.000162
feature_300   8.142826e-07  1.000001e+00   0.002711       -0.005313        0.005315         9.947007e-01         1.005329e+00     0.0  0.000300  0.999760  0.000346
feature_303   2.299262e+00  9.966820e+00   4.294762       -6.118318       10.716841         2.202157e-03         4.510919e+04     0.0  0.535364  0.592398  0.755361
feature_319   7.449687e-08  1.000000e+00   0.000715       -0.001401        0.001401         9.986001e-01         1.001402e+00     0.0  0.000104  0.999917  0.000120
feature_322  -1.068966e-01  8.986186e-01   0.408008       -0.906577        0.692784         4.039045e-01         1.999273e+00     0.0 -0.261997  0.793324  0.334018
feature_330   7.155224e-07  1.000001e+00   0.002596       -0.005087        0.005089         9.949256e-01         1.005102e+00     0.0  0.000276  0.999780  0.000317
feature_344   1.513125e-07  1.000000e+00   0.000505       -0.000990        0.000990         9.990106e-01         1.000991e+00     0.0  0.000300  0.999761  0.000345
feature_360   3.349460e-08  1.000000e+00   0.000577       -0.001130        0.001130         9.988705e-01         1.001131e+00     0.0  0.000058  0.999954  0.000067
feature_375   4.104650e-01  1.507519e+00   0.922254       -1.397120        2.218050         2.473082e-01         9.189394e+00     0.0  0.445067  0.656271  0.607636
feature_386   1.841495e+00  6.305957e+00   1.634133       -1.361347        5.044337         2.563152e-01         1.551414e+02     0.0  1.126894  0.259787  1.944597
feature_394  -4.170009e-07  9.999996e-01   0.001395       -0.002734        0.002733         9.972697e-01         1.002737e+00     0.0 -0.000299  0.999761  0.000344
feature_423   5.686839e-02  1.058516e+00   2.021004       -3.904226        4.017963         2.015654e-02         5.558777e+01     0.0  0.028139  0.977552  0.032755
feature_433   2.168937e-01  1.242212e+00   0.737121       -1.227836        1.661623         2.929258e-01         5.267856e+00     0.0  0.294245  0.768571  0.379750
feature_472   2.344936e-08  1.000000e+00   0.000765       -0.001499        0.001499         9.985020e-01         1.001500e+00     0.0  0.000031  0.999976  0.000035
feature_485  -1.411829e-08  1.000000e+00   0.000352       -0.000690        0.000690         9.993104e-01         1.000690e+00     0.0 -0.000040  0.999968  0.000046
feature_487   2.799665e-01  1.323086e+00   0.365658       -0.436709        0.996642         6.461593e-01         2.709170e+00     0.0  0.765652  0.443883  1.171747
feature_495   6.102965e-08  1.000000e+00   0.000209       -0.000409        0.000410         9.995907e-01         1.000410e+00     0.0  0.000292  0.999767  0.000336
feature_509   1.063491e-07  1.000000e+00   0.000375       -0.000735        0.000735         9.992653e-01         1.000735e+00     0.0  0.000284  0.999774  0.000326
feature_511   5.398192e-01  1.715697e+00   1.272897       -1.955013        3.034651         1.415627e-01         2.079372e+01     0.0  0.424087  0.671502  0.574536
feature_514   2.356843e-07  1.000000e+00   0.001009       -0.001977        0.001978         9.980248e-01         1.001980e+00     0.0  0.000234  0.999814  0.000269
feature_515   4.751397e-06  1.000005e+00   0.016747       -0.032820        0.032829         9.677130e-01         1.033374e+00     0.0  0.000284  0.999774  0.000327
feature_526   1.610966e+00  5.007647e+00   6.155539      -10.453669       13.675601         2.884227e-05         8.694367e+05     0.0  0.261710  0.793545  0.333616
feature_541   1.896661e-08  1.000000e+00   0.000348       -0.000682        0.000682         9.993186e-01         1.000682e+00     0.0  0.000055  0.999956  0.000063
feature_544  -3.673460e-01  6.925700e-01   1.398517       -3.108390        2.373698         4.467283e-02         1.073702e+01     0.0 -0.262668  0.792806  0.334960
feature_548   3.015953e-06  1.000003e+00   0.012165       -0.023841        0.023847         9.764414e-01         1.024133e+00     0.0  0.000248  0.999802  0.000285
feature_549  -2.620484e-01  7.694738e-01   1.418552       -3.042360        2.518263         4.772213e-02         1.240703e+01     0.0 -0.184729  0.853441  0.228636
feature_565   5.940243e-07  1.000001e+00   0.002002       -0.003923        0.003924         9.960844e-01         1.003932e+00     0.0  0.000297  0.999763  0.000342
feature_584   4.833363e-07  1.000000e+00   0.001757       -0.003444        0.003445         9.965620e-01         1.003451e+00     0.0  0.000275  0.999781  0.000317
feature_622  -8.155672e-08  9.999999e-01   0.000317       -0.000621        0.000621         9.993794e-01         1.000621e+00     0.0 -0.000258  0.999795  0.000296
feature_630   1.678881e-07  1.000000e+00   0.000698       -0.001367        0.001368         9.986337e-01         1.001368e+00     0.0  0.000241  0.999808  0.000277
feature_633   4.365890e-08  1.000000e+00   0.000168       -0.000329        0.000329         9.996712e-01         1.000329e+00     0.0  0.000260  0.999792  0.000300
feature_639   2.157234e-02  1.021807e+00   0.636644       -1.226227        1.269372         2.933973e-01         3.558618e+00     0.0  0.033884  0.972969  0.039534
feature_643  -6.093570e-01  5.437004e-01   1.644073       -3.831681        2.612967         2.167314e-02         1.363946e+01     0.0 -0.370639  0.710907  0.492268
feature_647   4.017079e-01  1.494375e+00   4.230443       -7.889807        8.693223         3.745418e-04         5.962368e+03     0.0  0.094956  0.924349  0.113490
feature_671  -1.393803e-08  1.000000e+00   0.001896       -0.003716        0.003716         9.962912e-01         1.003723e+00     0.0 -0.000007  0.999994  0.000008
feature_689  -1.611893e+00  1.995095e-01   0.871346       -3.319700        0.095913         3.616368e-02         1.100663e+00     0.0 -1.849889  0.064330  3.958376
feature_710   5.261258e-05  1.000053e+00   0.200888       -0.393681        0.393786         6.745692e-01         1.482584e+00     0.0  0.000262  0.999791  0.000302
feature_753  -1.182312e-06  9.999988e-01   0.004580       -0.008978        0.008976         9.910617e-01         1.009016e+00     0.0 -0.000258  0.999794  0.000297
feature_772   2.824278e-02  1.028645e+00   0.346284       -0.650462        0.706947         5.218047e-01         2.027792e+00     0.0  0.081560  0.934997  0.096966
feature_776   5.783832e-07  1.000001e+00   0.002009       -0.003936        0.003938         9.960712e-01         1.003945e+00     0.0  0.000288  0.999770  0.000331
feature_789   1.102430e-08  1.000000e+00   0.000284       -0.000557        0.000557         9.994434e-01         1.000557e+00     0.0  0.000039  0.999969  0.000045
feature_791   6.666338e+00  7.855139e+02   4.430208       -2.016710       15.349387         1.330926e-01         4.636112e+06     0.0  1.504746  0.132389  2.917141
feature_808  -3.156174e-07  9.999997e-01   0.001354       -0.002655        0.002654         9.973486e-01         1.002658e+00     0.0 -0.000233  0.999814  0.000268
feature_832   2.540580e-08  1.000000e+00   0.000139       -0.000272        0.000272         9.997277e-01         1.000272e+00     0.0  0.000183  0.999854  0.000210
feature_846   1.509940e+00  4.526461e+00   2.214886       -2.831155        5.851036         5.894471e-02         3.475944e+02     0.0  0.681724  0.495414  1.013295
feature_851  -5.229459e+00  5.356422e-03   9.709825      -24.260366       13.801448         2.909757e-11         9.860360e+05     0.0 -0.538574  0.590181  0.760771
feature_865  -8.282453e-08  9.999999e-01   0.000278       -0.000545        0.000545         9.994554e-01         1.000545e+00     0.0 -0.000298  0.999762  0.000343
feature_876   5.750423e-08  1.000000e+00   0.000295       -0.000579        0.000579         9.994211e-01         1.000579e+00     0.0  0.000195  0.999845  0.000224
feature_880  -4.988064e-01  6.072551e-01   0.520091       -1.518167        0.520554         2.191132e-01         1.682960e+00     0.0 -0.959075  0.337521  1.566950
feature_902   4.436964e-01  1.558457e+00   8.198166      -15.624413       16.511806         1.638338e-07         1.482471e+07     0.0  0.054121  0.956838  0.063653
feature_904   1.815977e-01  1.199132e+00   1.204527       -2.179233        2.542428         1.131283e-01         1.271050e+01     0.0  0.150763  0.880163  0.184157
feature_926  -1.287887e-08  1.000000e+00   0.000230       -0.000450        0.000450         9.995499e-01         1.000450e+00     0.0 -0.000056  0.999955  0.000065
feature_929  -1.418465e-07  9.999999e-01   0.000641       -0.001257        0.001257         9.987437e-01         1.001258e+00     0.0 -0.000221  0.999824  0.000255
feature_958   7.476281e-02  1.077629e+00   0.816995       -1.526518        1.676044         2.172909e-01         5.344372e+00     0.0  0.091509  0.927088  0.109222
feature_963   1.043536e-06  1.000001e+00   0.003673       -0.007197        0.007199         9.928287e-01         1.007225e+00     0.0  0.000284  0.999773  0.000327
feature_981   4.977810e-01  1.645067e+00   0.727210       -0.927525        1.923087         3.955313e-01         6.842049e+00     0.0  0.684507  0.493655  1.018426
feature_986  -6.023405e-01  5.475286e-01   5.114111      -10.625814        9.421133         2.428105e-05         1.234657e+04     0.0 -0.117780  0.906242  0.142032
feature_993   1.592701e-01  1.172655e+00   1.221353       -2.234539        2.553079         1.070415e-01         1.284659e+01     0.0  0.130405  0.896246  0.158033
feature_998   4.213343e-08  1.000000e+00   0.000152       -0.000298        0.000298         9.997020e-01         1.000298e+00     0.0  0.000277  0.999779  0.000319
feature_1003  6.506693e-07  1.000001e+00   0.002171       -0.004255        0.004257         9.957537e-01         1.004266e+00     0.0  0.000300  0.999761  0.000345
feature_1004  5.828775e+00  3.399420e+02   5.014440       -3.999346       15.656896         1.832762e-02         6.305271e+06     0.0  1.162398  0.245074  2.028712
Concordance Index: 0.898235294117647
Concordance Index on Test: 0.8054054054054054
