                   coef  exp(coef)  se(coef)  coef lower 95%  coef upper 95%  exp(coef) lower 95%  exp(coef) upper 95%  cmp to         z         p  -log2(p)
covariate                                                                                                                                                   
pca_0      1.674718e-01   1.182312  0.135939       -0.098963        0.433906             0.905776             1.543274     0.0  1.231968  0.217961  2.197857
pca_1      2.674297e-08   1.000000  0.000118       -0.000230        0.000230             0.999770             1.000230     0.0  0.000227  0.999819  0.000262
pca_2      2.186227e-02   1.022103  0.141357       -0.255192        0.298916             0.774768             1.348396     0.0  0.154660  0.877089  0.189205
pca_3     -5.924392e-08   1.000000  0.000152       -0.000297        0.000297             0.999703             1.000297     0.0 -0.000391  0.999688  0.000450
pca_4     -1.191151e-09   1.000000  0.000129       -0.000252        0.000252             0.999748             1.000252     0.0 -0.000009  0.999993  0.000011
pca_5     -2.743441e-02   0.972938  0.167983       -0.356676        0.301807             0.699999             1.352300     0.0 -0.163316  0.870269  0.200466
pca_6      1.185818e-07   1.000000  0.000271       -0.000530        0.000531             0.999470             1.000531     0.0  0.000438  0.999650  0.000504
pca_7      2.462064e-02   1.024926  0.160668       -0.290283        0.339524             0.748052             1.404280     0.0  0.153239  0.878210  0.187363
pca_8      1.842436e-07   1.000000  0.000533       -0.001045        0.001045             0.998956             1.001045     0.0  0.000346  0.999724  0.000398
pca_9     -1.939658e-07   1.000000  0.000575       -0.001127        0.001127             0.998873             1.001128     0.0 -0.000337  0.999731  0.000388
pca_10    -2.194613e-02   0.978293  0.194444       -0.403050        0.359158             0.668278             1.432123     0.0 -0.112866  0.910137  0.135844
pca_11     2.546825e-02   1.025795  0.166751       -0.301358        0.352294             0.739813             1.422327     0.0  0.152732  0.878610  0.186706
pca_12     6.132904e-08   1.000000  0.000172       -0.000337        0.000337             0.999663             1.000337     0.0  0.000357  0.999715  0.000411
pca_13    -3.657317e-02   0.964088  0.187835       -0.404723        0.331577             0.667161             1.393163     0.0 -0.194709  0.845621  0.241917
pca_14     2.896497e-07   1.000000  0.001291       -0.002531        0.002532             0.997472             1.002535     0.0  0.000224  0.999821  0.000258
pca_15     8.271847e-08   1.000000  0.000201       -0.000393        0.000393             0.999607             1.000394     0.0  0.000412  0.999671  0.000474
pca_16    -1.739681e-02   0.982754  0.182340       -0.374777        0.339984             0.687442             1.404924     0.0 -0.095408  0.923990  0.114050
pca_17    -1.119231e-07   1.000000  0.000253       -0.000496        0.000496             0.999504             1.000496     0.0 -0.000442  0.999647  0.000509
pca_18     3.480059e-08   1.000000  0.000171       -0.000335        0.000335             0.999665             1.000335     0.0  0.000203  0.999838  0.000234
pca_19    -6.419961e-02   0.937818  0.195877       -0.448112        0.319712             0.638833             1.376732     0.0 -0.327755  0.743097  0.428377
pca_20     4.172862e-08   1.000000  0.000174       -0.000341        0.000341             0.999660             1.000341     0.0  0.000240  0.999808  0.000276
pca_21    -2.970437e-02   0.970732  0.203529       -0.428613        0.369204             0.651412             1.446583     0.0 -0.145947  0.883963  0.177942
pca_22    -2.540840e-09   1.000000  0.000168       -0.000329        0.000329             0.999671             1.000329     0.0 -0.000015  0.999988  0.000017
pca_23    -3.332876e-08   1.000000  0.000173       -0.000339        0.000339             0.999661             1.000339     0.0 -0.000192  0.999846  0.000222
pca_24    -8.350535e-09   1.000000  0.000168       -0.000329        0.000329             0.999671             1.000329     0.0 -0.000050  0.999960  0.000057
pca_25     9.544329e-09   1.000000  0.000168       -0.000330        0.000330             0.999670             1.000330     0.0  0.000057  0.999955  0.000065
pca_26     1.247163e-01   1.132827  0.205564       -0.278183        0.527615             0.757159             1.694886     0.0  0.606702  0.544049  0.878192
pca_27    -1.281037e-01   0.879762  0.234322       -0.587366        0.331159             0.555789             1.392581     0.0 -0.546700  0.584585  0.774516
pca_28    -9.815893e-08   1.000000  0.000243       -0.000477        0.000477             0.999523             1.000477     0.0 -0.000404  0.999678  0.000465
pca_29     1.108715e-07   1.000000  0.000260       -0.000510        0.000510             0.999491             1.000510     0.0  0.000426  0.999660  0.000491
pca_30     4.834034e-08   1.000000  0.000199       -0.000391        0.000391             0.999609             1.000391     0.0  0.000243  0.999806  0.000279
pca_31    -1.446646e-07   1.000000  0.000325       -0.000637        0.000637             0.999363             1.000637     0.0 -0.000445  0.999645  0.000512
pca_32     8.016971e-08   1.000000  0.000223       -0.000437        0.000437             0.999563             1.000437     0.0  0.000360  0.999713  0.000414
pca_33     1.645456e-01   1.178857  0.232183       -0.290524        0.619616             0.747871             1.858214     0.0  0.708690  0.478517  1.063358
pca_34     1.907507e-02   1.019258  0.272120       -0.514270        0.552420             0.597937             1.737453     0.0  0.070098  0.944116  0.082965
pca_35    -1.147209e-07   1.000000  0.000282       -0.000554        0.000553             0.999447             1.000554     0.0 -0.000406  0.999676  0.000468
pca_36    -4.384647e-02   0.957101  0.236576       -0.507526        0.419833             0.601983             1.521708     0.0 -0.185338  0.852964  0.229444
pca_37     1.151463e-08   1.000000  0.000198       -0.000388        0.000388             0.999612             1.000388     0.0  0.000058  0.999954  0.000067
pca_38     6.112896e-08   1.000000  0.000224       -0.000439        0.000439             0.999561             1.000439     0.0  0.000273  0.999782  0.000314
pca_39     3.408933e-02   1.034677  0.252845       -0.461478        0.529657             0.630351             1.698349     0.0  0.134823  0.892752  0.163669
pca_40    -4.664702e-02   0.954424  0.238072       -0.513260        0.419966             0.598541             1.521910     0.0 -0.195936  0.844660  0.243557
pca_41    -8.850859e-08   1.000000  0.000260       -0.000510        0.000510             0.999490             1.000510     0.0 -0.000340  0.999728  0.000392
pca_42    -2.938298e-09   1.000000  0.000209       -0.000410        0.000410             0.999590             1.000410     0.0 -0.000014  0.999989  0.000016
pca_43     9.105892e-08   1.000000  0.000249       -0.000488        0.000488             0.999512             1.000488     0.0  0.000366  0.999708  0.000421
pca_44     3.710930e-08   1.000000  0.000216       -0.000423        0.000423             0.999577             1.000423     0.0  0.000172  0.999863  0.000198
pca_45     1.505106e-07   1.000000  0.000345       -0.000677        0.000677             0.999324             1.000677     0.0  0.000436  0.999652  0.000502
pca_46     2.925369e-08   1.000000  0.000220       -0.000432        0.000432             0.999568             1.000432     0.0  0.000133  0.999894  0.000153
pca_47    -8.873756e-02   0.915086  0.295821       -0.668535        0.491060             0.512459             1.634048     0.0 -0.299971  0.764199  0.387979
pca_48    -2.031303e-07   1.000000  0.000460       -0.000902        0.000902             0.999098             1.000902     0.0 -0.000441  0.999648  0.000508
pca_49     4.655107e-09   1.000000  0.000229       -0.000449        0.000450             0.999551             1.000450     0.0  0.000020  0.999984  0.000023
Concordance Index: 0.6908823529411765
