                                                           coef  exp(coef)      se(coef)  coef lower 95%  coef upper 95%  exp(coef) lower 95%  exp(coef) upper 95%  cmp to         z         p  -log2(p)
covariate                                                                                                                                                                                               
Age                                                1.144250e-02   1.011508  1.845862e-02   -2.473574e-02    4.762074e-02             0.975568             1.048773     0.0  0.619900  0.535324  0.901517
Weight (lbs)                                      -3.683617e-10   1.000000  4.034362e-06   -7.907572e-06    7.906836e-06             0.999992             1.000008     0.0 -0.000091  0.999927  0.000105
Gender                                             1.115241e-01   1.117981  3.895966e-01   -6.520712e-01    8.751194e-01             0.520966             2.399162     0.0  0.286255  0.774683  0.368323
Ethnicity                                          7.258336e-08   1.000000  2.524958e-04   -4.948101e-04    4.949553e-04             0.999505             1.000495     0.0  0.000287  0.999771  0.000331
Smoking status                                    -2.520626e-07   1.000000  4.372404e-04   -8.572274e-04    8.567233e-04             0.999143             1.000857     0.0 -0.000576  0.999540  0.000664
%GG                                               -1.051553e-01   0.900185  7.990533e-02   -2.617669e-01    5.145629e-02             0.769690             1.052803     0.0 -1.315998  0.188175  2.409856
Tumor Location (choice=RUL)                        1.188310e-01   1.126180  3.575719e-01   -5.819970e-01    8.196590e-01             0.558781             2.269726     0.0  0.332328  0.739642  0.435101
Tumor Location (choice=RML)                       -1.673231e-01   0.845926  5.445555e-01   -1.234632e+00    8.999860e-01             0.290942             2.459569     0.0 -0.307266  0.758641  0.398510
Tumor Location (choice=RLL)                       -1.932084e-07   1.000000  4.687612e-04   -9.189484e-04    9.185620e-04             0.999081             1.000919     0.0 -0.000412  0.999671  0.000475
Tumor Location (choice=LUL)                       -2.788336e-07   1.000000  5.051556e-04   -9.903656e-04    9.898080e-04             0.999010             1.000990     0.0 -0.000552  0.999560  0.000636
Tumor Location (choice=LLL)                        6.232818e-07   1.000001  1.146343e-03   -2.246168e-03    2.247415e-03             0.997756             1.002250     0.0  0.000544  0.999566  0.000626
Histology                                          9.790200e-08   1.000000  2.227069e-04   -4.363995e-04    4.365953e-04             0.999564             1.000437     0.0  0.000440  0.999649  0.000506
Pathological T stage                               9.127859e-09   1.000000  9.142482e-05   -1.791802e-04    1.791985e-04             0.999821             1.000179     0.0  0.000100  0.999920  0.000115
Pathological N stage                               3.993470e-01   1.490851  2.447901e-01   -8.043277e-02    8.791268e-01             0.922717             2.408796     0.0  1.631385  0.102809  3.281961
Pathological M stage                               4.225795e-07   1.000000  7.754678e-04   -1.519466e-03    1.520311e-03             0.998482             1.001521     0.0  0.000545  0.999565  0.000627
Histopathological Grade                           -1.999170e-09   1.000000  1.418736e-04   -2.780691e-04    2.780651e-04             0.999722             1.000278     0.0 -0.000014  0.999989  0.000016
Lymphovascular invasion                            1.124424e-01   1.119008  2.086728e-01   -2.965487e-01    5.214336e-01             0.743379             1.684441     0.0  0.538846  0.589993  0.761230
Pleural invasion (elastic, visceral, or parietal)  6.326751e-08   1.000000  3.393008e-04   -6.649541e-04    6.650807e-04             0.999335             1.000665     0.0  0.000186  0.999851  0.000215
EGFR mutation status                               1.991564e-07   1.000000  3.454976e-04   -6.769637e-04    6.773620e-04             0.999323             1.000678     0.0  0.000576  0.999540  0.000664
KRAS mutation status                              -4.167774e-08   1.000000  1.942501e-04   -3.807648e-04    3.806815e-04             0.999619             1.000381     0.0 -0.000215  0.999829  0.000247
ALK translocation status                          -3.367110e-07   1.000000  5.818175e-04   -1.140678e-03    1.140005e-03             0.998860             1.001141     0.0 -0.000579  0.999538  0.000666
Adjuvant Treatment                                -7.667909e-02   0.926187  6.907557e-01   -1.430535e+00    1.277177e+00             0.239181             3.586501     0.0 -0.111008  0.911610  0.133511
Chemotherapy                                      -7.667909e-02   0.926187  6.907557e-01   -1.430535e+00    1.277177e+00             0.239181             3.586501     0.0 -0.111008  0.911610  0.133511
Radiation                                          9.893415e-08   1.000000  5.266414e-04   -1.032099e-03    1.032297e-03             0.998968             1.001033     0.0  0.000188  0.999850  0.000216
Recurrence                                         4.956941e-01   1.641637  3.393547e-01   -1.694289e-01    1.160817e+00             0.844147             3.192541     0.0  1.460696  0.144099  2.794869
Days between CT and surgery                       -1.085197e-03   0.998915  3.910404e-03   -8.749447e-03    6.579054e-03             0.991289             1.006601     0.0 -0.277515  0.781385  0.355895
Volume                                            -5.859294e-14   1.000000  2.314309e-09   -4.536020e-09    4.535903e-09             1.000000             1.000000     0.0 -0.000025  0.999980  0.000029
Mean                                              -1.015613e-09   1.000000  1.755761e-06   -3.442243e-06    3.440212e-06             0.999997             1.000003     0.0 -0.000578  0.999538  0.000666
Std                                                5.378024e-04   1.000538  2.341677e-03   -4.051800e-03    5.127405e-03             0.995956             1.005141     0.0  0.229666  0.818352  0.289207
Min                                               -9.092429e-04   0.999091  2.947719e-03   -6.686666e-03    4.868180e-03             0.993336             1.004880     0.0 -0.308456  0.757735  0.400235
Max                                                7.278422e-05   1.000073  3.304575e-04   -5.749005e-04    7.204690e-04             0.999425             1.000721     0.0  0.220253  0.825674  0.276355
Median                                            -4.816194e-10   1.000000  9.121521e-07   -1.788267e-06    1.787304e-06             0.999998             1.000002     0.0 -0.000528  0.999579  0.000608
SurfaceArea                                        1.956401e-12   1.000000  1.589619e-08   -3.115401e-08    3.115792e-08             1.000000             1.000000     0.0  0.000123  0.999902  0.000142
Elongation                                         4.725684e-08   1.000000  4.996610e-04   -9.792703e-04    9.793648e-04             0.999021             1.000980     0.0  0.000095  0.999925  0.000109
Flatness                                           2.306049e-07   1.000000  6.742702e-04   -1.321315e-03    1.321776e-03             0.998680             1.001323     0.0  0.000342  0.999727  0.000394
Roundness                                         -6.524084e-01   0.520790  1.394443e+00   -3.385466e+00    2.080650e+00             0.033862             8.009670     0.0 -0.467863  0.639882  0.644121
Concordance Index: 0.7543703703703704
