                                                               coef     exp(coef)      se(coef)  coef lower 95%  coef upper 95%  exp(coef) lower 95%  exp(coef) upper 95%  cmp to             z         p      -log2(p)
param  covariate                                                                                                                                                                                                       
mu_    %GG                                                 0.537555  1.711816e+00  1.800156e-01    1.847310e-01    8.903791e-01             1.202895         2.436053e+00     0.0  2.986159e+00  0.002825  8.467502e+00
       ALK translocation status                            0.637891  1.892486e+00  6.317056e-01   -6.002292e-01    1.876011e+00             0.548686         6.527417e+00     0.0  1.009792e+00  0.312595  1.677633e+00
       Adjuvant Treatment                                  0.171718  1.187343e+00  9.228111e+14   -1.808676e+15    1.808676e+15             0.000000                  inf     0.0  1.860818e-16  1.000000  1.601713e-16
       Age                                                -0.083255  9.201164e-01  3.812376e-02   -1.579763e-01   -8.533924e-03             0.853870         9.915024e-01     0.0 -2.183812e+00  0.028976  5.108994e+00
       Chemotherapy                                        0.171718  1.187343e+00  9.228111e+14   -1.808676e+15    1.808676e+15             0.000000                  inf     0.0  1.860818e-16  1.000000  1.601713e-16
       Days between CT and surgery                         0.002207  1.002210e+00  3.992926e-03   -5.618764e-03    1.003322e-02             0.994397         1.010084e+00     0.0  5.527845e-01  0.580411  7.848533e-01
       EGFR mutation status                               -0.169660  8.439521e-01  3.943883e-01   -9.426463e-01    6.033273e-01             0.389595         1.828192e+00     0.0 -4.301840e-01  0.667062  5.841077e-01
       Elongation                                         -0.692216  5.004656e-01  8.230769e-01   -2.305418e+00    9.209847e-01             0.099717         2.511762e+00     0.0 -8.410106e-01  0.400342  1.320695e+00
       Ethnicity                                           0.525963  1.692087e+00  3.898918e-01   -2.382110e-01    1.290137e+00             0.788036         3.633283e+00     0.0  1.348997e+00  0.177338  2.495427e+00
       Flatness                                           -1.179389  3.074667e-01  1.114670e+00   -3.364103e+00    1.005325e+00             0.034593         2.732796e+00     0.0 -1.058060e+00  0.290028  1.785736e+00
       Gender                                             -0.669870  5.117751e-01  7.221786e-01   -2.085314e+00    7.455740e-01             0.124268         2.107651e+00     0.0 -9.275684e-01  0.353632  1.499681e+00
       Histology                                           0.211320  1.235307e+00  3.123128e-01   -4.008020e-01    8.234417e-01             0.669783         2.278328e+00     0.0  6.766288e-01  0.498642  1.003925e+00
       Histopathological Grade                             0.214955  1.239806e+00  2.531640e-01   -2.812377e-01    7.111471e-01             0.754849         2.036326e+00     0.0  8.490728e-01  0.395841  1.337008e+00
       KRAS mutation status                               -0.002551  9.974525e-01  3.589583e-01   -7.060961e-01    7.009946e-01             0.493567         2.015757e+00     0.0 -7.105867e-03  0.994330  8.202799e-03
       Lymphovascular invasion                             0.020187  1.020392e+00  4.240626e-01   -8.109605e-01    8.513343e-01             0.444431         2.342771e+00     0.0  4.760355e-02  0.962032  5.584291e-02
       Max                                                -0.000287  9.997127e-01  5.344692e-04   -1.334890e-03    7.601908e-04             0.998666         1.000760e+00     0.0 -5.376354e-01  0.590829  7.591880e-01
       Mean                                               -0.001258  9.987425e-01  6.782309e-03   -1.455140e-02    1.203476e-02             0.985554         1.012107e+00     0.0 -1.855302e-01  0.852813  2.296984e-01
       Median                                              0.001385  1.001386e+00  4.374630e-03   -7.188644e-03    9.959590e-03             0.992837         1.010009e+00     0.0  3.167063e-01  0.751466  4.122194e-01
       Min                                                 0.002973  1.002978e+00  4.869486e-03   -6.570669e-03    1.251737e-02             0.993451         1.012596e+00     0.0  6.106083e-01  0.541459  8.850762e-01
       Pathological M stage                               -0.375137  6.871951e-01  8.176600e-01   -1.977721e+00    1.227447e+00             0.138384         3.412507e+00     0.0 -4.587934e-01  0.646383  6.295399e-01
       Pathological N stage                               -0.848907  4.278825e-01  4.758426e-01   -1.781541e+00    8.372776e-02             0.168378         1.087333e+00     0.0 -1.784007e+00  0.074423  3.748117e+00
       Pathological T stage                               -0.066032  9.361008e-01  1.910579e-01   -4.404987e-01    3.084345e-01             0.643715         1.361292e+00     0.0 -3.456131e-01  0.729633  4.547562e-01
       Pleural invasion (elastic, visceral, or parietal)  -0.655143  5.193678e-01  6.216566e-01   -1.873567e+00    5.632815e-01             0.153575         1.756427e+00     0.0 -1.053866e+00  0.291944  1.776236e+00
       Radiation                                           0.044777  1.045795e+00  1.033787e+00   -1.981408e+00    2.070962e+00             0.137875         7.932454e+00     0.0  4.331354e-02  0.965452  5.072417e-02
       Recurrence                                         -0.810145  4.447935e-01  5.610583e-01   -1.909799e+00    2.895091e-01             0.148110         1.335772e+00     0.0 -1.443959e+00  0.148751  2.749033e+00
       Roundness                                          -0.291050  7.474787e-01  3.175234e+00   -6.514393e+00    5.932294e+00             0.001482         3.770185e+02     0.0 -9.166239e-02  0.926966  1.094112e-01
       Smoking status                                     -0.273027  7.610724e-01  4.515527e-01   -1.158054e+00    6.120001e-01             0.314097         1.844116e+00     0.0 -6.046401e-01  0.545418  8.745653e-01
       Std                                                -0.004722  9.952890e-01  5.491678e-03   -1.548561e-02    6.041371e-03             0.984634         1.006060e+00     0.0 -8.598685e-01  0.389862  1.358966e+00
       SurfaceArea                                         0.000029  1.000029e+00  8.360803e-05   -1.344554e-04    1.932820e-04             0.999866         1.000193e+00     0.0  3.518001e-01  0.724988  4.639706e-01
       Tumor Location (choice=LLL)                         1.251299  3.494881e+00  9.238169e-01   -5.593485e-01    3.061947e+00             0.571581         2.136913e+01     0.0  1.354488e+00  0.175581  2.509795e+00
       Tumor Location (choice=LUL)                         1.084952  2.959297e+00  7.151325e-01   -3.166822e-01    2.486586e+00             0.728562         1.202016e+01     0.0  1.517134e+00  0.129233  2.951955e+00
       Tumor Location (choice=RLL)                         1.286267  3.619249e+00           NaN             NaN             NaN                  NaN                  NaN     0.0           NaN       NaN           NaN
       Tumor Location (choice=RML)                         1.115892  3.052290e+00  1.551710e+00   -1.925403e+00    4.157187e+00             0.145817         6.389157e+01     0.0  7.191371e-01  0.472056  1.082969e+00
       Tumor Location (choice=RUL)                         1.104595  3.018001e+00  3.836702e-01    3.526149e-01    1.856575e+00             1.422783         6.401771e+00     0.0  2.879021e+00  0.003989  7.969715e+00
       Volume                                             -0.000002  9.999975e-01  9.022261e-06   -2.016758e-05    1.519903e-05             0.999980         1.000015e+00     0.0 -2.753492e-01  0.783048  3.528273e-01
       Weight (lbs)                                        0.001468  1.001469e+00  8.442464e-03   -1.507930e-02    1.801455e-02             0.985034         1.018178e+00     0.0  1.738385e-01  0.861992  2.142530e-01
       Intercept                                          14.500881  1.984507e+06  8.781175e+00   -2.709905e+00    3.171167e+01             0.066543         5.918367e+13     0.0  1.651360e+00  0.098665  3.341317e+00
sigma_ Intercept                                           0.542622  1.720511e+00  1.201848e-01    3.070638e-01    7.781795e-01             1.359428         2.177504e+00     0.0  4.514894e+00  0.000006  1.726826e+01
Concordance Index: 0.7855882352941177
Log-likelihood: -365.12318472306924
AIC: 806.2463694461385
Concordance Index on Test: 0.7675675675675676
