                                                              coef    exp(coef)   se(coef)  coef lower 95%  coef upper 95%  exp(coef) lower 95%  exp(coef) upper 95%  cmp to         z         p  -log2(p)
param  covariate                                                                                                                                                                                          
alpha_ %GG                                                0.457857     1.580682   0.168872        0.126873        0.788840             1.135273         2.200842e+00     0.0  2.711261  0.006703  7.221024
       ALK translocation status                           0.539867     1.715778   0.537893       -0.514385        1.594118             0.597868         4.923986e+00     0.0  1.003669  0.315538  1.664113
       Adjuvant Treatment                                 0.290579     1.337201   0.351826       -0.398988        0.980146             0.670999         2.664845e+00     0.0  0.825916  0.408852  1.290350
       Age                                               -0.061873     0.940002   0.035678       -0.131800        0.008054             0.876516         1.008086e+00     0.0 -1.734227  0.082878  3.592872
       Chemotherapy                                       0.290579     1.337201   0.351826       -0.398988        0.980146             0.670999         2.664845e+00     0.0  0.825916  0.408852  1.290350
       Days between CT and surgery                        0.001428     1.001429   0.003826       -0.006070        0.008927             0.993948         1.008967e+00     0.0  0.373338  0.708897  0.496352
       EGFR mutation status                              -0.096441     0.908064   0.350218       -0.782855        0.589973             0.457099         1.803940e+00     0.0 -0.275374  0.783029  0.352863
       Elongation                                        -0.295305     0.744305   0.780749       -1.825545        1.234936             0.161130         3.438158e+00     0.0 -0.378232  0.705258  0.503777
       Ethnicity                                          0.443927     1.558816   0.360705       -0.263042        1.150895             0.768710         3.161022e+00     0.0  1.230720  0.218428  2.194772
       Flatness                                          -0.380875     0.683263   1.082225       -2.501997        1.740246             0.081921         5.698747e+00     0.0 -0.351937  0.724885  0.464175
       Gender                                            -0.494294     0.610002   0.651696       -1.771595        0.783007             0.170062         2.188042e+00     0.0 -0.758473  0.448168  1.157889
       Histology                                          0.110190     1.116490   0.293421       -0.464906        0.685285             0.628194         1.984338e+00     0.0  0.375534  0.707264  0.499680
       Histopathological Grade                            0.123354     1.131285   0.232060       -0.331475        0.578183             0.717864         1.782796e+00     0.0  0.531561  0.595030  0.748966
       KRAS mutation status                              -0.089820     0.914095   0.336964       -0.750258        0.570618             0.472244         1.769360e+00     0.0 -0.266557  0.789810  0.340422
       Lymphovascular invasion                            0.019907     1.020107   0.383717       -0.732165        0.771979             0.480867         2.164045e+00     0.0  0.051880  0.958624  0.060962
       Max                                               -0.000228     0.999772   0.000525       -0.001256        0.000800             0.998745         1.000801e+00     0.0 -0.434262  0.664098  0.590531
       Mean                                              -0.002306     0.997696   0.006916       -0.015860        0.011248             0.984265         1.011312e+00     0.0 -0.333478  0.738774  0.436796
       Median                                             0.002167     1.002169   0.004327       -0.006314        0.010648             0.993706         1.010705e+00     0.0  0.500791  0.616518  0.697784
       Min                                                0.002922     1.002926   0.004385       -0.005673        0.011517             0.994343         1.011583e+00     0.0  0.666321  0.505206  0.985056
       Pathological M stage                              -0.427510     0.652131   0.651934       -1.705277        0.850257             0.181722         2.340247e+00     0.0 -0.655757  0.511981  0.965839
       Pathological N stage                              -0.911968     0.401733   0.463165       -1.819754       -0.004182             0.162066         9.958266e-01     0.0 -1.968993  0.048954  4.352434
       Pathological T stage                              -0.061800     0.940071   0.178715       -0.412076        0.288476             0.662274         1.334392e+00     0.0 -0.345800  0.729493  0.455035
       Pleural invasion (elastic, visceral, or parietal) -0.569006     0.566088   0.576403       -1.698734        0.560723             0.182915         1.751938e+00     0.0 -0.987167  0.323561  1.627892
       Radiation                                          0.033352     1.033914   0.927661       -1.784830        1.851534             0.167826         6.369585e+00     0.0  0.035953  0.971320  0.041981
       Recurrence                                        -0.892324     0.409702   0.483244       -1.839465        0.054817             0.158902         1.056347e+00     0.0 -1.846529  0.064815  3.947520
       Roundness                                          0.819156     2.268585   2.954074       -4.970723        6.609035             0.006938         7.417672e+02     0.0  0.277297  0.781552  0.355586
       Smoking status                                    -0.240798     0.786000   0.401047       -1.026837        0.545240             0.358138         1.725022e+00     0.0 -0.600424  0.548224  0.867163
       Std                                               -0.004570     0.995441   0.005509       -0.015367        0.006228             0.984750         1.006248e+00     0.0 -0.829462  0.406843  1.297455
       SurfaceArea                                        0.000037     1.000037   0.000072       -0.000105        0.000178             0.999895         1.000178e+00     0.0  0.507725  0.611646  0.709231
       Tumor Location (choice=LLL)                        1.941138     6.966676   2.033009       -2.043485        5.925762             0.129576         3.745637e+02     0.0  0.954811  0.339673  1.557780
       Tumor Location (choice=LUL)                        1.591444     4.910837   1.872819       -2.079214        5.262103             0.125028         1.928867e+02     0.0  0.849759  0.395459  1.338399
       Tumor Location (choice=RLL)                        1.697720     5.461479   1.890382       -2.007361        5.402800             0.134343         2.220273e+02     0.0  0.898083  0.369141  1.437755
       Tumor Location (choice=RML)                        1.885297     6.588308   2.006269       -2.046918        5.817511             0.129132         3.361344e+02     0.0  0.939703  0.347370  1.525455
       Tumor Location (choice=RUL)                        1.531763     4.626327   2.012913       -2.413474        5.477000             0.089504         2.391283e+02     0.0  0.760968  0.446676  1.162700
       Volume                                            -0.000003     0.999997   0.000008       -0.000019        0.000012             0.999981         1.000012e+00     0.0 -0.438692  0.660885  0.597529
       Weight (lbs)                                       0.001706     1.001707   0.007404       -0.012805        0.016217             0.987277         1.016349e+00     0.0  0.230402  0.817779  0.290216
       Intercept                                          8.520905  5018.595332  11.221464      -13.472760       30.514571             0.000001         1.787762e+13     0.0  0.759340  0.447649  1.159559
beta_  Intercept                                          0.121791     1.129518   0.138427       -0.149520        0.393102             0.861121         1.481569e+00     0.0  0.879823  0.378955  1.399902
Concordance Index: 0.7923529411764706
Log-likelihood: -363.4060288347066
AIC: 802.8120576694132
Concordance Index on Test: 0.772972972972973
