                                                                coef      exp(coef)      se(coef)  coef lower 95%  coef upper 95%  exp(coef) lower 95%  exp(coef) upper 95%  cmp to             z         p      -log2(p)
param   covariate                                                                                                                                                                                                        
lambda_ %GG                                                 0.349496       1.418352  1.474870e-01    6.042649e-02    6.385651e-01             1.062290         1.893762e+00     0.0  2.369671e+00  0.017804  5.811662e+00
        ALK translocation status                            0.342144       1.407963  4.142665e-01   -4.698037e-01    1.154091e+00             0.625125         3.171140e+00     0.0  8.259024e-01  0.408859  1.290323e+00
        Adjuvant Treatment                                  0.342600       1.408606  1.459707e+15   -2.860973e+15    2.860973e+15             0.000000                  inf     0.0  2.347048e-16  1.000000  3.203427e-16
        Age                                                -0.052098       0.949236  2.697060e-02   -1.049590e-01    7.638355e-04             0.900361         1.000764e+00     0.0 -1.931643e+00  0.053404  4.226919e+00
        Chemotherapy                                        0.342600       1.408606  1.459707e+15   -2.860973e+15    2.860973e+15             0.000000                  inf     0.0  2.347048e-16  1.000000  3.203427e-16
        Days between CT and surgery                         0.000236       1.000236  4.014308e-03   -7.632353e-03    8.103446e-03             0.992397         1.008136e+00     0.0  5.867681e-02  0.953210  6.913472e-02
        EGFR mutation status                               -0.197111       0.821100  3.001091e-01   -7.853138e-01    3.910923e-01             0.455977         1.478595e+00     0.0 -6.567968e-01  0.511312  9.677254e-01
        Elongation                                          0.176895       1.193506  5.648569e-01   -9.302040e-01    1.283994e+00             0.394473         3.611034e+00     0.0  3.131681e-01  0.754153  4.070710e-01
        Ethnicity                                           0.259675       1.296509  3.250165e-01   -3.773452e-01    8.966960e-01             0.685679         2.451490e+00     0.0  7.989607e-01  0.424313  1.236799e+00
        Flatness                                            0.084522       1.088197  1.014503e+00   -1.903867e+00    2.072910e+00             0.148991         7.947921e+00     0.0  8.331353e-02  0.933602  9.912007e-02
        Gender                                             -0.171827       0.842125  6.222117e-01   -1.391340e+00    1.047685e+00             0.248742         2.851044e+00     0.0 -2.761556e-01  0.782429  3.539691e-01
        Histology                                          -0.115052       0.891319  2.884507e-01   -6.804053e-01    4.503005e-01             0.506412         1.568784e+00     0.0 -3.988634e-01  0.689994  5.353445e-01
        Histopathological Grade                             0.112849       1.119463  1.585190e-01   -1.978428e-01    4.235404e-01             0.820499         1.527359e+00     0.0  7.118944e-01  0.476530  1.069361e+00
        KRAS mutation status                                0.042926       1.043861  2.697691e-01   -4.858112e-01    5.716641e-01             0.615198         1.771212e+00     0.0  1.591229e-01  0.873572  1.950014e-01
        Lymphovascular invasion                            -0.101132       0.903813  3.387706e-01   -7.651104e-01    5.628458e-01             0.465283         1.755662e+00     0.0 -2.985274e-01  0.765301  3.859015e-01
        Max                                                -0.000166       0.999834  3.818298e-04   -9.145005e-04    5.822449e-04             0.999086         1.000582e+00     0.0 -4.350833e-01  0.663502  5.918274e-01
        Mean                                               -0.006432       0.993589  6.510492e-03   -1.919236e-02    6.328301e-03             0.980991         1.006348e+00     0.0 -9.879483e-01  0.323178  1.629599e+00
        Median                                              0.004514       1.004525  3.919343e-03   -3.167364e-03    1.219618e-02             0.996838         1.012271e+00     0.0  1.151827e+00  0.249392  2.003513e+00
        Min                                                 0.001685       1.001687  4.100034e-03   -6.350485e-03    9.721354e-03             0.993670         1.009769e+00     0.0  4.110782e-01  0.681015  5.542411e-01
        Pathological M stage                               -0.707791       0.492732  5.986611e-01   -1.881145e+00    4.655638e-01             0.152416         1.592912e+00     0.0 -1.182289e+00  0.237091  2.076487e+00
        Pathological N stage                               -0.742230       0.476051  4.281415e-01   -1.581372e+00    9.691183e-02             0.205693         1.101763e+00     0.0 -1.733609e+00  0.082987  3.590963e+00
        Pathological T stage                               -0.009278       0.990765  1.490076e-01   -3.013275e-01    2.827717e-01             0.739835         1.326802e+00     0.0 -6.226456e-02  0.950352  7.346589e-02
        Pleural invasion (elastic, visceral, or parietal)  -0.493731       0.610345  5.235760e-01   -1.519922e+00    5.324587e-01             0.218729         1.703115e+00     0.0 -9.429985e-01  0.345682  1.532484e+00
        Radiation                                          -0.076914       0.925970  0.000000e+00   -7.691390e-02   -7.691390e-02             0.925970         9.259696e-01     0.0          -inf  0.000000           inf
        Recurrence                                         -0.932706       0.393487  4.557780e-01   -1.826015e+00   -3.939788e-02             0.161054         9.613681e-01     0.0 -2.046405e+00  0.040717  4.618241e+00
        Roundness                                           1.187539       3.279003  2.846297e+00   -4.391100e+00    6.766179e+00             0.012387         8.679887e+02     0.0  4.172226e-01  0.676516  5.638049e-01
        Smoking status                                     -0.421764       0.655889  3.853380e-01   -1.177012e+00    3.334849e-01             0.308198         1.395824e+00     0.0 -1.094529e+00  0.273723  1.869212e+00
        Std                                                -0.007415       0.992613  5.407810e-03   -1.801361e-02    3.184612e-03             0.982148         1.003190e+00     0.0 -1.371073e+00  0.170352  2.553407e+00
        SurfaceArea                                         0.000057       1.000057  6.651576e-05   -7.359918e-05    1.871378e-04             0.999926         1.000187e+00     0.0  8.534717e-01  0.393398  1.345939e+00
        Tumor Location (choice=LLL)                         0.337693       1.401710  1.434778e+00   -2.474421e+00    3.149807e+00             0.084212         2.333156e+01     0.0  2.353625e-01  0.813927  2.970280e-01
        Tumor Location (choice=LUL)                         0.288843       1.334882           NaN             NaN             NaN                  NaN                  NaN     0.0           NaN       NaN           NaN
        Tumor Location (choice=RLL)                         0.450775       1.569528           NaN             NaN             NaN                  NaN                  NaN     0.0           NaN       NaN           NaN
        Tumor Location (choice=RML)                         0.713957       2.042055  9.216981e-01   -1.092539e+00    2.520452e+00             0.335364         1.243421e+01     0.0  7.746100e-01  0.438570  1.189120e+00
        Tumor Location (choice=RUL)                        -0.036682       0.963983  6.878851e-01   -1.384912e+00    1.311548e+00             0.250346         3.711916e+00     0.0 -5.332561e-02  0.957472  6.269709e-02
        Volume                                             -0.000007       0.999993  7.135197e-06   -2.085212e-05    7.117343e-06             0.999979         1.000007e+00     0.0 -9.624663e-01  0.335815  1.574260e+00
        Weight (lbs)                                        0.000828       1.000828  6.516941e-03   -1.194544e-02    1.360050e-02             0.988126         1.013693e+00     0.0  1.269810e-01  0.898955  1.536785e-01
        Intercept                                          12.144286  188016.706809  6.723132e+00   -1.032810e+00    2.532138e+01             0.356005         9.929712e+10     0.0  1.806344e+00  0.070865  3.818789e+00
rho_    Intercept                                          -0.007648       0.992381  1.413834e-01   -2.847544e-01    2.694585e-01             0.752199         1.309255e+00     0.0 -5.409368e-02  0.956861  6.361944e-02
Concordance Index: 0.7767647058823529
Log-likelihood: -360.668854003855
AIC: 797.33770800771
Concordance Index on Test: 0.745945945945946
