                         coef     exp(coef)  se(coef)  coef lower 95%  coef upper 95%  exp(coef) lower 95%  exp(coef) upper 95%  cmp to         z             p   -log2(p)
param  covariate                                                                                                                                                          
mu_    Elongation    0.279511      1.322484  0.867317       -1.420399        1.979422             0.241618         7.238554e+00     0.0  0.322271  7.472471e-01   0.420343
       Flatness     -1.012068      0.363467  1.049062       -3.068191        1.044056             0.046505         2.840716e+00     0.0 -0.964736  3.346772e-01   1.579158
       Max          -0.000332      0.999668  0.000535       -0.001381        0.000717             0.998620         1.000717e+00     0.0 -0.620825  5.347144e-01   0.903159
       Mean         -0.004126      0.995882  0.006134       -0.016149        0.007897             0.983981         1.007928e+00     0.0 -0.672640  5.011762e-01   0.996610
       Median        0.000148      1.000148  0.004087       -0.007862        0.008158             0.992168         1.008192e+00     0.0  0.036187  9.711331e-01   0.042259
       Min           0.002775      1.002779  0.004968       -0.006962        0.012513             0.993062         1.012592e+00     0.0  0.558610  5.764280e-01   0.794788
       Roundness     2.381790     10.824259  2.926762       -3.354558        8.118138             0.034925         3.354768e+03     0.0  0.813797  4.157613e-01   1.266173
       Std          -0.005078      0.994935  0.005119       -0.015111        0.004955             0.985003         1.004967e+00     0.0 -0.991995  3.212000e-01   1.638456
       SurfaceArea   0.000083      1.000083  0.000065       -0.000045        0.000211             0.999955         1.000211e+00     0.0  1.277090  2.015706e-01   2.310643
       Volume       -0.000007      0.999993  0.000008       -0.000022        0.000009             0.999978         1.000009e+00     0.0 -0.840719  4.005053e-01   1.320107
       Intercept    10.714859  45019.880063  5.946809       -0.940673       22.370392             0.390365         5.192036e+09     0.0  1.801783  7.157957e-02   3.804308
sigma_ Intercept     0.717661      2.049633  0.120898        0.480705        0.954616             1.617214         2.597673e+00     0.0  5.936088  2.919031e-09  28.351863
Concordance Index: 0.6294117647058823
Log-likelihood: -379.8312023600555
AIC: 783.662404720111
Concordance Index on Test: 0.518918918918919
