                        coef    exp(coef)  se(coef)  coef lower 95%  coef upper 95%  exp(coef) lower 95%  exp(coef) upper 95%  cmp to         z         p  -log2(p)
param  covariate                                                                                                                                                   
alpha_ Elongation   0.301284     1.351593  0.807253       -1.280903        1.883471             0.277786         6.576291e+00     0.0  0.373221  0.708984  0.496176
       Flatness    -0.256278     0.773927  1.040199       -2.295030        1.782474             0.100758         5.944546e+00     0.0 -0.246374  0.805393  0.312236
       Max         -0.000363     0.999637  0.000484       -0.001313        0.000586             0.998688         1.000586e+00     0.0 -0.749846  0.453347  1.141312
       Mean        -0.006427     0.993593  0.005967       -0.018123        0.005268             0.982040         1.005282e+00     0.0 -1.077096  0.281437  1.829114
       Median       0.002065     1.002067  0.003894       -0.005567        0.009697             0.994449         1.009744e+00     0.0  0.530315  0.595894  0.746873
       Min          0.002606     1.002610  0.004545       -0.006301        0.011514             0.993718         1.011580e+00     0.0  0.573444  0.566344  0.820250
       Roundness    3.567319    35.421489  2.667076       -1.660055        8.794692             0.190129         6.599123e+03     0.0  1.337539  0.181047  2.465566
       Std         -0.004058     0.995950  0.004866       -0.013595        0.005478             0.986497         1.005493e+00     0.0 -0.834074  0.404239  1.306720
       SurfaceArea  0.000084     1.000084  0.000059       -0.000032        0.000200             0.999968         1.000200e+00     0.0  1.417058  0.156466  2.676079
       Volume      -0.000007     0.999993  0.000007       -0.000020        0.000007             0.999980         1.000007e+00     0.0 -0.970945  0.331576  1.592590
       Intercept    8.221350  3719.520275  5.522006       -2.601583       19.044283             0.074156         1.865637e+08     0.0  1.488834  0.136531  2.872698
beta_  Intercept   -0.061190     0.940644  0.137434       -0.330556        0.208175             0.718524         1.231429e+00     0.0 -0.445235  0.656150  0.607902
Concordance Index: 0.6367647058823529
Log-likelihood: -378.4211060990625
AIC: 780.842212198125
Concordance Index on Test: 0.5567567567567567
