                         coef    exp(coef)  se(coef)  coef lower 95%  coef upper 95%  exp(coef) lower 95%  exp(coef) upper 95%  cmp to         z         p  -log2(p)
param   covariate                                                                                                                                                   
lambda_ Elongation   0.419061     1.520534  0.747120       -1.045267        1.883390             0.351598         6.575761e+00     0.0  0.560902  0.574864  0.798707
        Flatness     0.112509     1.119082  0.887180       -1.626332        1.851350             0.196650         6.368411e+00     0.0  0.126816  0.899086  0.153469
        Max         -0.000221     0.999779  0.000478       -0.001158        0.000715             0.998843         1.000716e+00     0.0 -0.462834  0.643484  0.636025
        Mean        -0.007355     0.992672  0.005827       -0.018775        0.004066             0.981400         1.004074e+00     0.0 -1.262212  0.206872  2.273186
        Median       0.002563     1.002566  0.003645       -0.004581        0.009706             0.995429         1.009753e+00     0.0  0.703072  0.482011  1.052862
        Min          0.002795     1.002799  0.004293       -0.005619        0.011208             0.994397         1.011271e+00     0.0  0.651050  0.515014  0.957316
        Roundness    4.061576    58.065723  2.500352       -0.839024        8.962175             0.432132         7.802306e+03     0.0  1.624402  0.104290  3.261326
        Std         -0.005063     0.994950  0.004733       -0.014339        0.004213             0.985763         1.004221e+00     0.0 -1.069856  0.284684  1.812567
        SurfaceArea  0.000087     1.000087  0.000056       -0.000023        0.000198             0.999977         1.000198e+00     0.0  1.548876  0.121411  3.042023
        Volume      -0.000007     0.999993  0.000006       -0.000018        0.000005             0.999982         1.000005e+00     0.0 -1.129986  0.258482  1.951862
        Intercept    7.905215  2711.385663  5.174673       -2.236958       18.047388             0.106783         6.884637e+07     0.0  1.527674  0.126593  2.981726
rho_    Intercept   -0.190871     0.826239  0.139754       -0.464785        0.083042             0.628270         1.086588e+00     0.0 -1.365761  0.172014  2.539403
Concordance Index: 0.6455882352941177
Log-likelihood: -377.46127578939587
AIC: 778.9225515787917
Concordance Index on Test: 0.5351351351351351
