                                                              coef    exp(coef)  se(coef)  coef lower 95%  coef upper 95%  exp(coef) lower 95%  exp(coef) upper 95%  cmp to         z         p  -log2(p)
param  covariate                                                                                                                                                                                         
alpha_ %GG                                                0.349285     1.418054  0.129439        0.095589        0.602982             1.100306         1.827560e+00     0.0  2.698446  0.006966  7.165368
       ALK translocation status                           0.356082     1.427724  0.505119       -0.633933        1.346097             0.530501         3.842398e+00     0.0  0.704946  0.480844  1.056360
       Adjuvant Treatment                                 0.229059     1.257416  0.352545       -0.461918        0.920035             0.630074         2.509378e+00     0.0  0.649728  0.515868  0.954927
       Age                                               -0.063984     0.938020  0.034698       -0.131990        0.004023             0.876349         1.004031e+00     0.0 -1.844033  0.065178  3.939463
       Chemotherapy                                       0.229059     1.257416  0.352545       -0.461918        0.920035             0.630074         2.509378e+00     0.0  0.649728  0.515868  0.954927
       Days between CT and surgery                        0.002210     1.002213  0.003512       -0.004674        0.009095             0.995337         1.009136e+00     0.0  0.629289  0.529160  0.918224
       EGFR mutation status                              -0.142557     0.867138  0.334783       -0.798719        0.513605             0.449905         1.671306e+00     0.0 -0.425820  0.670239  0.577252
       Ethnicity                                          0.261513     1.298894  0.346794       -0.418191        0.941218             0.658236         2.563101e+00     0.0  0.754088  0.450797  1.149452
       Gender                                            -0.732868     0.480529  0.639477       -1.986220        0.520484             0.137213         1.682843e+00     0.0 -1.146042  0.251778  1.989778
       Histology                                          0.086975     1.090870  0.282084       -0.465898        0.639849             0.627571         1.896195e+00     0.0  0.308332  0.757830  0.400054
       Histopathological Grade                            0.120566     1.128135  0.230453       -0.331113        0.572245             0.718124         1.772241e+00     0.0  0.523169  0.600856  0.734908
       KRAS mutation status                               0.082056     1.085517  0.319453       -0.544060        0.708172             0.580387         2.030276e+00     0.0  0.256864  0.797284  0.326835
       Lymphovascular invasion                           -0.074217     0.928470  0.343065       -0.746613        0.598178             0.473969         1.818803e+00     0.0 -0.216336  0.828726  0.271033
       Pathological M stage                              -0.658449     0.517653  0.600788       -1.835972        0.519073             0.159458         1.680470e+00     0.0 -1.095976  0.273089  1.872556
       Pathological N stage                              -0.882157     0.413889  0.419151       -1.703678       -0.060637             0.182013         9.411652e-01     0.0 -2.104629  0.035324  4.823224
       Pathological T stage                               0.005203     1.005217  0.155318       -0.299215        0.309622             0.741400         1.362909e+00     0.0  0.033502  0.973274  0.039081
       Pleural invasion (elastic, visceral, or parietal) -0.650924     0.521564  0.531319       -1.692289        0.390442             0.184098         1.477633e+00     0.0 -1.225110  0.220534  2.180928
       Radiation                                         -0.061121     0.940709  0.881434       -1.788701        1.666458             0.167177         5.293388e+00     0.0 -0.069343  0.944717  0.082046
       Recurrence                                        -0.652596     0.520692  0.464780       -1.563547        0.258355             0.209392         1.294799e+00     0.0 -1.404098  0.160290  2.641246
       Smoking status                                    -0.084778     0.918716  0.368791       -0.807595        0.638039             0.445929         1.892766e+00     0.0 -0.229881  0.818184  0.289502
       Tumor Location (choice=LLL)                        0.718548     2.051452  1.919736       -3.044065        4.481161             0.047641         8.833715e+01     0.0  0.374295  0.708185  0.497802
       Tumor Location (choice=LUL)                        0.648830     1.913301  1.765024       -2.810553        4.108213             0.060172         6.083788e+01     0.0  0.367604  0.713169  0.487685
       Tumor Location (choice=RLL)                        0.715794     2.045811  1.741970       -2.698404        4.129992             0.067313         6.217744e+01     0.0  0.410911  0.681138  0.553981
       Tumor Location (choice=RML)                        0.968937     2.635143  1.860365       -2.677311        4.615186             0.068748         1.010066e+02     0.0  0.520832  0.602484  0.731005
       Tumor Location (choice=RUL)                        0.378280     1.459772  1.841564       -3.231120        3.987680             0.039513         5.392963e+01     0.0  0.205412  0.837250  0.256270
       Weight (lbs)                                       0.005665     1.005681  0.006816       -0.007695        0.019025             0.992334         1.019207e+00     0.0  0.831046  0.405948  1.300634
       Intercept                                          8.132094  3401.916682  8.686146       -8.892440       25.156629             0.000137         8.421413e+10     0.0  0.936214  0.349163  1.518028
beta_  Intercept                                          0.080015     1.083304  0.138102       -0.190659        0.350690             0.826414         1.420047e+00     0.0  0.579394  0.562324  0.830527
Concordance Index: 0.7755882352941177
Log-likelihood: -366.4511443052127
AIC: 788.9022886104254
Concordance Index on Test: 0.7621621621621621
