                                                              coef    exp(coef)   se(coef)  coef lower 95%  coef upper 95%  exp(coef) lower 95%  exp(coef) upper 95%  cmp to         z             p   -log2(p)
param  covariate                                                                                                                                                                                               
mu_    %GG                                                0.450957     1.569814   0.141591        0.173445        0.728470             1.189395         2.071907e+00     0.0  3.184936  1.447860e-03   9.431862
       ALK translocation status                           0.489212     1.631031   0.597261       -0.681398        1.659822             0.505909         5.258376e+00     0.0  0.819093  4.127335e-01   1.276717
       Adjuvant Treatment                                 0.137659     1.147584        NaN             NaN             NaN                  NaN                  NaN     0.0       NaN           NaN        NaN
       Age                                               -0.079855     0.923250   0.038769       -0.155840       -0.003870             0.855696         9.961375e-01     0.0 -2.059787  3.941895e-02   4.664967
       Chemotherapy                                       0.137659     1.147584        NaN             NaN             NaN                  NaN                  NaN     0.0       NaN           NaN        NaN
       Days between CT and surgery                        0.002855     1.002859   0.003760       -0.004515        0.010224             0.995496         1.010277e+00     0.0  0.759280  4.476848e-01   1.159445
       EGFR mutation status                              -0.159586     0.852497   0.382258       -0.908797        0.589625             0.403009         1.803312e+00     0.0 -0.417483  6.763251e-01   0.564211
       Ethnicity                                          0.368485     1.445543   0.386855       -0.389738        1.126708             0.677235         3.085482e+00     0.0  0.952514  3.408364e-01   1.552848
       Gender                                            -0.895951     0.408219   0.739048       -2.344458        0.552557             0.095899         1.737690e+00     0.0 -1.212304  2.253961e-01   2.149466
       Histology                                          0.187055     1.205693   0.310456       -0.421427        0.795537             0.656110         2.215631e+00     0.0  0.602517  5.468301e-01   0.870835
       Histopathological Grade                            0.146903     1.158241   0.259957       -0.362603        0.656409             0.695863         1.927856e+00     0.0  0.565105  5.720021e-01   0.805908
       KRAS mutation status                               0.166497     1.181160   0.353440       -0.526232        0.859226             0.590827         2.361333e+00     0.0  0.471077  6.375861e-01   0.649308
       Lymphovascular invasion                            0.037178     1.037878   0.402855       -0.752403        0.826759             0.471233         2.285899e+00     0.0  0.092286  9.264708e-01   0.110183
       Pathological M stage                              -0.581542     0.559035   0.787660       -2.125327        0.962242             0.119394         2.617558e+00     0.0 -0.738317  4.603219e-01   1.119285
       Pathological N stage                              -0.919345     0.398780   0.496774       -1.893003        0.054313             0.150619         1.055815e+00     0.0 -1.850632  6.422245e-02   3.960779
       Pathological T stage                              -0.030244     0.970209   0.179540       -0.382136        0.321648             0.682402         1.379399e+00     0.0 -0.168451  8.662284e-01   0.207181
       Pleural invasion (elastic, visceral, or parietal) -0.702226     0.495481   0.582675       -1.844248        0.439796             0.158144         1.552390e+00     0.0 -1.205177  2.281352e-01   2.132039
       Radiation                                          0.091945     1.096305   1.013801       -1.895067        2.078958             0.150308         7.996132e+00     0.0  0.090694  9.277360e-01   0.108214
       Recurrence                                        -0.508786     0.601225   0.549534       -1.585852        0.568281             0.204773         1.765230e+00     0.0 -0.925850  3.545242e-01   1.496044
       Smoking status                                    -0.022576     0.977677   0.419185       -0.844164        0.799013             0.429917         2.223344e+00     0.0 -0.053856  9.570501e-01   0.063334
       Tumor Location (choice=LLL)                        0.876105     2.401527   2.421142       -3.869247        5.621456             0.020874         2.762915e+02     0.0  0.361856  7.174597e-01   0.479030
       Tumor Location (choice=LUL)                        0.892370     2.440908   2.285221       -3.586580        5.371320             0.027693         2.151467e+02     0.0  0.390496  6.961696e-01   0.522489
       Tumor Location (choice=RLL)                        0.843422     2.324307   2.264434       -3.594788        5.281632             0.027467         1.966906e+02     0.0  0.372465  7.095468e-01   0.495030
       Tumor Location (choice=RML)                        1.019880     2.772863   2.385634       -3.655877        5.695638             0.025839         2.975665e+02     0.0  0.427509  6.690086e-01   0.579903
       Tumor Location (choice=RUL)                        0.700122     2.013998   2.368330       -3.941719        5.341963             0.019415         2.089224e+02     0.0  0.295618  7.675215e-01   0.381721
       Weight (lbs)                                       0.004643     1.004654   0.007890       -0.010820        0.020106             0.989238         1.020310e+00     0.0  0.588524  5.561805e-01   0.846375
       Intercept                                          8.142900  3438.876705  10.883762      -13.188882       29.474683             0.000002         6.319635e+12     0.0  0.748170  4.543579e-01   1.138099
sigma_ Intercept                                          0.599091     1.820463   0.120190        0.363523        0.834659             1.438388         2.304029e+00     0.0  4.984531  6.211236e-07  20.618616
Concordance Index: 0.7723529411764706
Log-likelihood: -368.5908251372548
AIC: 793.1816502745096
Concordance Index on Test: 0.7513513513513513
