                                                               coef    exp(coef)  se(coef)  coef lower 95%  coef upper 95%  exp(coef) lower 95%  exp(coef) upper 95%  cmp to         z             p   -log2(p)
param   covariate                                                                                                                                                                                              
lambda_ %GG                                                0.285662     1.330643  0.121224        0.048067        0.523258             1.049241             1.687516     0.0  2.356478  1.844917e-02   5.760300
        ALK translocation status                           0.352470     1.422577  0.367977       -0.368751        1.073691             0.691597             2.926160     0.0  0.957859  3.381340e-01   1.564333
        Adjuvant Treatment                                 0.268957     1.308598       NaN             NaN             NaN                  NaN                  NaN     0.0       NaN           NaN        NaN
        Age                                               -0.044962     0.956034  0.029365       -0.102516        0.012592             0.902564             1.012672     0.0 -1.531139  1.257350e-01   2.991542
        Chemotherapy                                       0.268957     1.308598       NaN             NaN             NaN                  NaN                  NaN     0.0       NaN           NaN        NaN
        Days between CT and surgery                        0.002388     1.002391  0.003866       -0.005188        0.009965             0.994825             1.010015     0.0  0.617841  5.366799e-01   0.897866
        EGFR mutation status                              -0.241698     0.785293  0.316909       -0.862828        0.379431             0.421967             1.461453     0.0 -0.762675  4.456570e-01   1.165994
        Ethnicity                                          0.101732     1.107086  0.308555       -0.503025        0.706489             0.604699             2.026861     0.0  0.329704  7.416238e-01   0.431241
        Gender                                            -0.638237     0.528223  0.536620       -1.689992        0.413518             0.184521             1.512128     0.0 -1.189366  2.342956e-01   2.093598
        Histology                                         -0.045748     0.955283  0.235125       -0.506584        0.415089             0.602550             1.514505     0.0 -0.194568  8.457315e-01   0.241728
        Histopathological Grade                            0.066772     1.069052  0.200069       -0.325355        0.458900             0.722271             1.582333     0.0  0.333747  7.385704e-01   0.437193
        KRAS mutation status                               0.167473     1.182313  0.288445       -0.397870        0.732815             0.671750             2.080930     0.0  0.580605  5.615070e-01   0.832624
        Lymphovascular invasion                           -0.108247     0.897406  0.311300       -0.718385        0.501890             0.487539             1.651840     0.0 -0.347727  7.280454e-01   0.457900
        Pathological M stage                              -0.958980     0.383284  0.517666       -1.973587        0.055627             0.138958             1.057203     0.0 -1.852507  6.395300e-02   3.966844
        Pathological N stage                              -0.910089     0.402488  0.269083       -1.437481       -0.382697             0.237525             0.682020     0.0 -3.382193  7.190957e-04  10.441529
        Pathological T stage                               0.051193     1.052526  0.138645       -0.220547        0.322933             0.802080             1.381173     0.0  0.369237  7.119513e-01   0.490150
        Pleural invasion (elastic, visceral, or parietal) -0.632140     0.531453  0.491639       -1.595735        0.331454             0.202760             1.392992     0.0 -1.285782  1.985193e-01   2.332649
        Radiation                                         -0.033670     0.966891  0.795119       -1.592075        1.524735             0.203503             4.593925     0.0 -0.042346  9.662231e-01   0.049572
        Recurrence                                        -0.701373     0.495904  0.470356       -1.623253        0.220508             0.197256             1.246709     0.0 -1.491154  1.359211e-01   2.879158
        Smoking status                                    -0.298367     0.742029  0.360099       -1.004148        0.407413             0.366357             1.502925     0.0 -0.828571  4.073475e-01   1.295668
        Tumor Location (choice=LLL)                        0.404895     1.499145  0.812619       -1.187809        1.997598             0.304889             7.371328     0.0  0.498259  6.183014e-01   0.693618
        Tumor Location (choice=LUL)                        0.362036     1.436250  1.012819       -1.623053        2.347124             0.197296            10.455457     0.0  0.357454  7.207523e-01   0.472425
        Tumor Location (choice=RLL)                        0.631551     1.880524  0.766203       -0.870179        2.133280             0.418877             8.442515     0.0  0.824261  4.097915e-01   1.287038
        Tumor Location (choice=RML)                        0.828722     2.290389  0.160476        0.514195        1.143248             1.672292             3.136942     0.0  5.164155  2.415276e-07  21.981308
        Tumor Location (choice=RUL)                        0.006319     1.006339  0.733045       -1.430423        1.443060             0.239208             4.233632     0.0  0.008620  9.931224e-01   0.009957
        Weight (lbs)                                       0.008214     1.008248  0.004390       -0.000391        0.016819             0.999610             1.016961     0.0  1.871000  6.134504e-02   4.026909
        Intercept                                          8.281139  3948.688045       NaN             NaN             NaN                  NaN                  NaN     0.0       NaN           NaN        NaN
rho_    Intercept                                         -0.068291     0.933989  0.138891       -0.340512        0.203930             0.711406             1.226213     0.0 -0.491687  6.229406e-01   0.682833
Concordance Index: 0.7679411764705882
Log-likelihood: -364.01534231012545
AIC: 784.0306846202509
Concordance Index on Test: 0.7135135135135136
