                                                           coef  exp(coef)  se(coef)  coef lower 95%  coef upper 95%  exp(coef) lower 95%  exp(coef) upper 95%  cmp to         z         p  -log2(p)
covariate                                                                                                                                                                                           
Age                                                1.762071e-02   1.017777  0.018976       -0.019571        0.054813             0.980619             1.056343     0.0  0.928584  0.353105  1.501832
Weight (lbs)                                      -5.895123e-09   1.000000  0.000017       -0.000033        0.000033             0.999967             1.000033     0.0 -0.000353  0.999718  0.000406
Gender                                             2.586390e-07   1.000000  0.000512       -0.001003        0.001004             0.998997             1.001004     0.0  0.000505  0.999597  0.000582
Ethnicity                                          4.277291e-08   1.000000  0.000218       -0.000427        0.000427             0.999574             1.000427     0.0  0.000197  0.999843  0.000226
Smoking status                                    -3.487791e-08   1.000000  0.000231       -0.000453        0.000453             0.999547             1.000453     0.0 -0.000151  0.999880  0.000174
%GG                                               -1.102244e-01   0.895633  0.072942       -0.253189        0.032740             0.776321             1.033282     0.0 -1.511117  0.130759  2.935023
Tumor Location (choice=RUL)                        5.358404e-02   1.055046  0.342357       -0.617423        0.724592             0.539332             2.063888     0.0  0.156515  0.875627  0.191612
Tumor Location (choice=RML)                       -1.637354e-01   0.848967  0.520090       -1.183093        0.855622             0.306330             2.352838     0.0 -0.314821  0.752897  0.409475
Tumor Location (choice=RLL)                       -3.629386e-07   1.000000  0.000720       -0.001412        0.001412             0.998589             1.001413     0.0 -0.000504  0.999598  0.000580
Tumor Location (choice=LUL)                        1.422734e-08   1.000000  0.000310       -0.000607        0.000607             0.999393             1.000607     0.0  0.000046  0.999963  0.000053
Tumor Location (choice=LLL)                        2.006124e-07   1.000000  0.000484       -0.000949        0.000949             0.999052             1.000950     0.0  0.000414  0.999669  0.000477
Histology                                          5.273114e-08   1.000000  0.000180       -0.000353        0.000353             0.999648             1.000353     0.0  0.000293  0.999766  0.000337
Pathological T stage                               1.267613e-08   1.000000  0.000084       -0.000165        0.000165             0.999835             1.000165     0.0  0.000150  0.999880  0.000173
Pathological N stage                               4.777289e-01   1.612408  0.224302        0.038105        0.917353             1.038841             2.502656     0.0  2.129848  0.033184  4.913361
Pathological M stage                               5.350838e-01   1.707591  0.501948       -0.448716        1.518883             0.638448             4.567122     0.0  1.066015  0.286417  1.803812
Histopathological Grade                           -3.285865e-08   1.000000  0.000133       -0.000260        0.000260             0.999740             1.000260     0.0 -0.000247  0.999803  0.000285
Lymphovascular invasion                            2.765492e-07   1.000000  0.000604       -0.001184        0.001184             0.998817             1.001185     0.0  0.000458  0.999635  0.000527
Pleural invasion (elastic, visceral, or parietal)  6.344580e-03   1.006365  0.354958       -0.689361        0.702050             0.501897             2.017886     0.0  0.017874  0.985739  0.020722
EGFR mutation status                               1.272034e-07   1.000000  0.000262       -0.000513        0.000514             0.999487             1.000514     0.0  0.000485  0.999613  0.000559
KRAS mutation status                              -5.091675e-08   1.000000  0.000181       -0.000354        0.000354             0.999646             1.000354     0.0 -0.000282  0.999775  0.000324
ALK translocation status                          -2.142176e-02   0.978806  0.322767       -0.654033        0.611189             0.519945             1.842621     0.0 -0.066369  0.947084  0.078436
Adjuvant Treatment                                -2.636332e-07   1.000000  0.000521       -0.001022        0.001022             0.998978             1.001022     0.0 -0.000506  0.999597  0.000582
Chemotherapy                                      -2.636332e-07   1.000000  0.000521       -0.001022        0.001022             0.998978             1.001022     0.0 -0.000506  0.999597  0.000582
Radiation                                         -1.750380e-07   1.000000  0.000527       -0.001034        0.001033             0.998967             1.001034     0.0 -0.000332  0.999735  0.000382
Recurrence                                         3.442561e-01   1.410940  0.334109       -0.310586        0.999098             0.733017             2.715831     0.0  1.030370  0.302836  1.723390
Days between CT and surgery                       -1.162214e-04   0.999884  0.001901       -0.003841        0.003609             0.996166             1.003615     0.0 -0.061149  0.951240  0.072118
Concordance Index: 0.7402941176470588
