                     coef  exp(coef)      se(coef)  coef lower 95%  coef upper 95%  exp(coef) lower 95%  exp(coef) upper 95%  cmp to         z         p  -log2(p)
covariate                                                                                                                                                         
Volume      -3.780455e-13   1.000000  5.797389e-09   -1.136305e-08    1.136230e-08             1.000000             1.000000     0.0 -0.000065  0.999948  0.000075
Mean         5.576800e-09   1.000000  3.877663e-06   -7.594503e-06    7.605657e-06             0.999992             1.000008     0.0  0.001438  0.998852  0.001656
Std          4.358240e-04   1.000436  2.231143e-03   -3.937137e-03    4.808785e-03             0.996071             1.004820     0.0  0.195337  0.845129  0.242756
Min         -1.204039e-03   0.998797  2.674791e-03   -6.446533e-03    4.038455e-03             0.993574             1.004047     0.0 -0.450143  0.652607  0.615713
Max          8.918206e-05   1.000089  3.238274e-04   -5.455080e-04    7.238721e-04             0.999455             1.000724     0.0  0.275400  0.783009  0.352899
Median       1.615128e-04   1.000162  6.784154e-04   -1.168157e-03    1.491183e-03             0.998833             1.001492     0.0  0.238074  0.811824  0.300761
SurfaceArea  2.161983e-11   1.000000  4.066471e-08   -7.967975e-08    7.972299e-08             1.000000             1.000000     0.0  0.000532  0.999576  0.000612
Elongation   8.615443e-07   1.000001  1.307098e-03   -2.561003e-03    2.562726e-03             0.997442             1.002566     0.0  0.000659  0.999474  0.000759
Flatness    -1.210472e-06   0.999999  1.645399e-03   -3.226133e-03    3.223712e-03             0.996779             1.003229     0.0 -0.000736  0.999413  0.000847
Roundness   -9.384071e-01   0.391251  1.339351e+00   -3.563487e+00    1.686673e+00             0.028340             5.401480     0.0 -0.700643  0.483526  1.048335
Concordance Index: 0.621037037037037
